{
    "_versionMajor": 0,
    "_versionMinor": 3,
    "boundsCenter": {
        "x": -0.03465878963470459,
        "y": -0.6510374546051025,
        "z": 0.1856377124786377
    },
    "boundsSize": {
        "x": 3.494922161102295,
        "y": 4.047189235687256,
        "z": 3.403550148010254
    },
    "format": "perpixel",
    "numAngles": 5,
    "perspectives": [
        {
            "clipEpsilon": 0.0027963323518633842,
            "crop": {
                "w": 1.0,
                "x": 0.0,
                "y": 0.0,
                "z": 1.0
            },
            "depthFocalLength": {
                "x": 504.2174072265625,
                "y": 504.3814697265625
            },
            "depthImageSize": {
                "x": 750.6708984375,
                "y": 589.7637939453125
            },
            "depthPrincipalPoint": {
                "x": 387.9791564941406,
                "y": 369.8590393066406
            },
            "extrinsics": {
                "e00": -0.0034123111981898546,
                "e01": -0.9946374297142029,
                "e02": 0.10336679965257645,
                "e03": 0.01553499698638916,
                "e10": -0.9540819525718689,
                "e11": -0.027723219245672226,
                "e12": -0.2982599437236786,
                "e13": -1.578676462173462,
                "e20": 0.299526184797287,
                "e21": -0.09963815659284592,
                "e22": -0.9488710761070251,
                "e23": -1.467777132987976,
                "e30": 0.0,
                "e31": 0.0,
                "e32": 0.0,
                "e33": 1.0
            },
            "farClip": 2.492708921432495,
            "nearClip": 0.7046524882316589
        },
        {
            "clipEpsilon": 0.0028608727734535933,
            "crop": {
                "w": 1.0,
                "x": 0.0,
                "y": 0.0,
                "z": 1.0
            },
            "depthFocalLength": {
                "x": 503.7235107421875,
                "y": 503.748779296875
            },
            "depthImageSize": {
                "x": 750.2020263671875,
                "y": 589.7617797851563
            },
            "depthPrincipalPoint": {
                "x": 382.4834899902344,
                "y": 368.2213134765625
            },
            "extrinsics": {
                "e00": -0.4521925151348114,
                "e01": 0.7037919759750366,
                "e02": 0.5479040145874023,
                "e03": 0.9191919565200806,
                "e10": -0.7885585427284241,
                "e11": -0.028419489040970802,
                "e12": -0.6143026351928711,
                "e13": -1.8274624347686768,
                "e20": -0.4167701303958893,
                "e21": -0.7098374366760254,
                "e22": 0.5678322911262512,
                "e23": 0.7679698467254639,
                "e30": 0.0,
                "e31": 0.0,
                "e32": 0.0,
                "e33": 1.0
            },
            "farClip": 2.5587339401245117,
            "nearClip": 0.8110156059265137
        },
        {
            "clipEpsilon": 0.002386573702096939,
            "crop": {
                "w": 1.0,
                "x": 0.0,
                "y": 0.0,
                "z": 1.0
            },
            "depthFocalLength": {
                "x": 504.2718200683594,
                "y": 504.2299499511719
            },
            "depthImageSize": {
                "x": 750.536865234375,
                "y": 586.684814453125
            },
            "depthPrincipalPoint": {
                "x": 363.3337707519531,
                "y": 355.4010925292969
            },
            "extrinsics": {
                "e00": -0.33974409103393555,
                "e01": -0.5119438171386719,
                "e02": 0.7889787554740906,
                "e03": 1.2354098558425903,
                "e10": -0.9162113070487976,
                "e11": -0.009331189095973969,
                "e12": -0.4005867540836334,
                "e13": -1.3963655233383179,
                "e20": 0.21244001388549805,
                "e21": -0.8589682579040527,
                "e22": -0.4658784866333008,
                "e23": -0.9192276000976563,
                "e30": 0.0,
                "e31": 0.0,
                "e32": 0.0,
                "e33": 1.0
            },
            "farClip": 2.6075756549835205,
            "nearClip": 0.5125221014022827
        },
        {
            "clipEpsilon": 0.002436891430988908,
            "crop": {
                "w": 1.0,
                "x": 0.0,
                "y": 0.0,
                "z": 1.0
            },
            "depthFocalLength": {
                "x": 503.9441833496094,
                "y": 504.0108337402344
            },
            "depthImageSize": {
                "x": 751.0338745117188,
                "y": 587.0025634765625
            },
            "depthPrincipalPoint": {
                "x": 385.0337219238281,
                "y": 357.53643798828125
            },
            "extrinsics": {
                "e00": 0.5491079688072205,
                "e01": 0.4551583528518677,
                "e02": -0.7009360194206238,
                "e03": -0.9516485929489136,
                "e10": -0.7451825141906738,
                "e11": -0.11308422684669495,
                "e12": -0.657202422618866,
                "e13": -1.8845471143722534,
                "e20": -0.3783959746360779,
                "e21": 0.8832003474235535,
                "e22": 0.27708059549331665,
                "e23": 0.7763639688491821,
                "e30": 0.0,
                "e31": 0.0,
                "e32": 0.0,
                "e33": 1.0
            },
            "farClip": 2.5572779178619385,
            "nearClip": 0.5054836273193359
        },
        {
            "clipEpsilon": 0.003601507283747196,
            "crop": {
                "w": 1.0,
                "x": 0.0,
                "y": 0.0,
                "z": 1.0
            },
            "depthFocalLength": {
                "x": 503.17486572265625,
                "y": 503.37518310546875
            },
            "depthImageSize": {
                "x": 751.6234130859375,
                "y": 588.5377197265625
            },
            "depthPrincipalPoint": {
                "x": 379.1241149902344,
                "y": 358.85296630859375
            },
            "extrinsics": {
                "e00": 0.1445987969636917,
                "e01": -0.7358339428901672,
                "e02": -0.6615433096885681,
                "e03": -1.2021464109420776,
                "e10": -0.9779112339019775,
                "e11": -0.004291458986699581,
                "e12": -0.20897647738456726,
                "e13": -1.422795295715332,
                "e20": 0.15093299746513367,
                "e21": 0.6771484017372131,
                "e22": -0.7202008366584778,
                "e23": -1.040970802307129,
                "e30": 0.0,
                "e31": 0.0,
                "e32": 0.0,
                "e33": 1.0
            },
            "farClip": 2.4334983825683594,
            "nearClip": 1.0451908111572266
        }
    ],
    "textureHeight": 1184,
    "textureWidth": 3760
}
